24
0 0 0 15 1 2 3 4 5 6 16 17 19 20 21 22 23 12 11 
1 1 0 3 0 2 11
2 2 1 5 0 1 3 10 11
3 3 2 6 0 2 4 8 9 10 
4 5 3 5 0 3 5 7 8 
5 4 0 4 0 4 6 7
6 3 1 5 0 5 7 15 16
7 2 0 5 4 5 6 8 15
8 6 0 6 3 4 7 9 14 15
9 1 0 5 3 8 10 13 14
10 4 0 6 2 3 9 11 12 13
11 6 3 5 0 1 2 10 12
12 2 2 6 0 11 10 13 23 22
13 3 0 6 9 10 12 14 21 22
14 2 1 7 8 9 13 15 21 20 19
15 4 3 7 6 7 8 14 19 18 16
16 6 2 5 0 6 16 17 18 
17 1 0 4 0 16 18 19
18 3 0 4 15 16 17 19
19 5 0 6 0 14 15 18 20 17
20 6 0 4 0 14 19 21
21 5 2 5 0 13 14 20 22
22 4 3 5 0 12 13 21 23
23 5 1 3 0 12 22