31
0 0 0 16 1 3 4 5 6 7 8 18 25 30 29 28 27 26 19 13 
1 1 0 4 0 2 3 13 
2 2 1 4 1 3 9 13
3 3 2 5 0 1 2 4 9 
4 6 0 5 0 3 5 9 10 
5 2 0 5 0 4 6 10 11
6 5 3 5 0 5 7 11 12
7 3 0 4 0 6 8 12
8 5 2 5 0 7 12 17 18
9 5 0 6 2 3 4 10 14 13
10 4 1 6 4 5 11 15 14 9
11 6 2 6 5 6 12 16 15 10
12 2 0 6 6 7 8 17 16 11
13 6 3 6 0 1 2 9 14 19
14 5 0 6 9 10 15 20 19 13
15 1 0 7 10 11 16 22 21 20 14
16 6 3 6 11 12 17 23 22 15
17 4 1 6 12 8 18 24 23 16
18 6 0 5 0 8 17 24 25 
19 2 1 6 0 13 14 20 26 27
20 3 3 6 14 15 21 28 27 19
21 4 0 5 15 22 29 28 20
22 5 1 6 15 16 23 30 29 21
23 2 0 5 16 17 24 30 22
24 4 3 5 17 18 25 30 23
25 1 0 4 0 18 24 30
26 4 0 3 0 19 27
27 6 0 5 0 19 20 26 28
28 6 0 5 0 20 21 27 29
29 3 0 5 0 21 22 30 28
30 3 2 6 0 22 23 24 25 29