39
0 0 0 18 1 6 7 8 11 17 22 27 34 38 37 32 36 35 29 28 23 18
1 1 0 8 0 2 3 4 5 6 12 18
2 2 0 2 1 3
3 5 1 4 1 2 4 12
4 4 3 7 1 3 5 9 14 13 12
5 2 2 5 1 4 9 7 6
6 3 3 4 0 1 5 7 
7 4 0 6 0 6 5 9 10 8
8 5 1 4 0 7 10 11
9 2 0 7 4 5 7 10 15 14 13
10 6 2 6 9 7 8 11 16 15
11 3 3 5 0 8 10 16 17
12 3 0 6 1 3 4 13 19 18
13 5 0 6 4 9 14 20 19 17
14 4 1 4 9 15 20 13
15 1 0 8 9 10 16 21 25 24 20 14
16 3 1 5 10 14 17 21 15
17 6 0 5 0 14 16 21 22
18 6 0 5 0 1 12 19 23
19 4 1 9 12 13 20 24 30 29 28 23 18
20 6 3 5 13 14 15 24 19
21 5 2 6 15 16 17 22 26 25
22 2 0 5 0 17 21 26 27
23 5 2 4 0 18 19 28
24 6 0 5 19 20 15 25 30
25 2 0 8 15 21 26 33 32 31 30 24
26 4 0 6 21 22 27 34 33 25
27 5 3 4 0 22 26 34
28 2 0 4 0 23 19 29
29 6 0 5 0 28 19 30 35
30 5 3 7 19 24 25 31 36 35 29
31 3 1 4 30 25 32 36
32 6 2 6 0 36 31 25 33 37
33 6 3 5 25 26 34 37 32
34 4 1 6 0 27 26 33 37 38
35 4 2 4 0 29 30 36
36 2 0 5 0 35 30 31 32
37 3 0 5 0 32 33 34 38 
38 1 0 3 0 34 37