49
0 0 0 21 1 2 3 4 5 6 7 16 23 27 32 39 47 46 45 43 42 41 40 33 48
1 1 0 9 0 2 8 12 18 17 24 28 48
2 6 0 4 0 1 3 8
3 5 1 5 0 2 4 8 9 
4 6 3 5 0 3 9 10 5
5 3 1 5 0 4 10 11 6
6 2 3 4 0 5 11 7
7 2 0 5 0 6 11 15 16
8 5 0 5 1 2 3 9 12
9 2 2 6 3 4 10 13 12 8
10 4 0 6 4 5 11 14 13 9 
11 6 2 6 5 6 7 15 14 10
12 4 0 6 1 8 9 13 19 18
13 2 3 7 9 10 14 21 20 19 12
14 6 0 6 10 11 15 22 21 13
15 5 3 6 14 11 7 16 23 22
16 4 2 4 0 7 15 23
17 4 0 2 1 18
18 3 1 5 17 1 12 19 24
19 5 0 6 18 12 13 20 25 24
20 4 1 4 13 21 25 19
21 1 0 10 13 14 22 26 30 37 36 29 25 20
22 3 0 5 14 15 23 26 21
23 6 1 6 0 16 15 22 26 27
24 2 0 6 1 18 19 25 29 28
25 6 3 5 19 20 21 29 24
26 5 2 6 21 22 23 27 31 30
27 2 0 5 0 23 26 31 32
28 5 0 6 1 24 29 34 33 48
29 4 0 7 24 25 21 36 35 34 28
30 3 0 5 21 26 31 38 37
31 4 0 6 26 27 32 39 38 30
32 5 3 4 0 27 31 39
33 2 3 5 0 48 28 34 40
34 3 0 6 28 29 35 41 40 33
35 2 0 5 29 36 42 41 34
36 5 3 7 21 37 44 43 42 35 29
37 2 1 6 21 30 38 45 44 36
38 6 2 6 30 31 39 46 45 37
39 4 1 6 0 32 31 38 46 47
40 5 2 4 0 33 34 41 
41 3 1 5 0 40 34 35 42
42 4 2 5 0 41 35 36 43
43 6 1 5 0 42 36 44 45
44 3 0 4 36 37 45 43
45 6 0 6 0 43 44 37 38 46
46 3 3 5 0 45 38 39 47
47 1 0 3 0 39 46
48 3 2 4 0 1 28 33